import { Brush } from '../brush.mjs';
export class SoftRound15px extends Brush{
    constructor(name='15px-soft-round', engine){
        super(name || '15px-soft-round', engine);
    }
    
    kernel(control){
        return [
            [  0,   0,   0,   0,   0,   7,  14,  17,  14,   7,   0,   0,   0,   0,   0],
            [  0,   0,   0,   9,  26,  39,  48,  51,  48,  39,  26,   9,   0,   0,   0],
            [  0,   0,  14,  37,  56,  71,  81,  85,  81,  71,  56,  37,  14,   0,   0],
            [  0,   9,  37,  62,  85, 102, 114, 119, 114, 102,  85,  62,  37,   9,   0],
            [  0,  26,  56,  85, 110, 132, 147, 153, 147, 132, 110,  85,  56,  26,   0],
            [  7,  39,  71, 102, 132, 158, 178, 187, 178, 158, 132, 102,  71,  39,   7],
            [ 14,  48,  81, 114, 147, 178, 206, 221, 206, 178, 147, 114,  81,  48,  14],
            [ 17,  51,  85, 119, 153, 187, 221, 255, 221, 187, 153, 119,  85,  51,  17],
            [ 14,  48,  81, 114, 147, 178, 206, 221, 206, 178, 147, 114,  81,  48,  14],
            [  7,  39,  71, 102, 132, 158, 178, 187, 178, 158, 132, 102,  71,  39,   7],
            [  0,  26,  56,  85, 110, 132, 147, 153, 147, 132, 110,  85,  56,  26,   0],
            [  0,   9,  37,  62,  85, 102, 114, 119, 114, 102,  85,  62,  37,   9,   0],
            [  0,   0,  14,  37,  56,  71,  81,  85,  81,  71,  56,  37,  14,   0,   0],
            [  0,   0,   0,   9,  26,  39,  48,  51,  48,  39,  26,   9,   0,   0,   0],
            [  0,   0,   0,   0,   0,   7,  14,  17,  14,   7,   0,   0,   0,   0,   0],
        ]
    }
};